----------------------------------------
----------------------------------------
6.429288890751629    16.302132208145302
12.002325182707366    41.58130197066032
11.921285484581357    41.16087823071484
12.670971905751173    45.103982704286906
15.326713839770184    60.00308411157782
10.563110814763748    34.331102765022244
11.715932727784732    40.101932716050015
9.70037155762645    30.21221414575026
12.694472243839183    45.22951965967048
4.655424536690944    10.044745481121785
6.530813627667313    16.68979243181052
14.364171116555182    54.44034329811663
3.706497384428686    7.135847283289402
16.5002249471953    67.02468745265831
16.649461829429132    67.93605125773423
10.193708146208664    32.54605041661351
9.047002263722113    27.211786098452652
12.852126367095332    46.07469622757277
16.849104327637036    69.1616314219274
11.547420362035936    39.23986130329547
3.1965183629289378    5.714994351372671
3.9356237338928124    7.80765035562659
14.00898163811942    52.433620817862135
11.637440952001675    39.69960956351781
5.815503381386619    14.024292750437333
9.262043932778887    28.187739871352225
7.353198610400311    19.93950830436197
16.153137650681934    64.92102095391697
8.165021246253836    23.331141022727795
10.07124508166155    31.96132290720258
13.05990192302813    47.19650867694217
2.955773822510815    5.081673965965025
9.202724934722536    27.91738025643543
7.3065878599541465    19.750219034597187
15.934160666513389    63.605370667395654
9.543481637409938    29.482225478107782
3.111131444177747    5.487537997052166
10.692463074215867    34.963639900921656
3.9752568415639824    7.9258854352930905
14.21553473950365    53.59753314237435
13.632036054593332    50.33164086586512
17.233917822415943    71.54446272335862
8.922390321272037    26.651510439108872
18.05226838653747    76.70040770204103
11.791799422011287    40.49208360460893
12.010499715450209    41.62378943605332
17.92548229415306    75.89379574185519
5.2136331225910215    11.904487426435303
16.5307900847051    67.21100920477197
16.27665841364037    65.66710554922618
13.742504547241406    50.9446794569082
11.891983191477939    41.00921253976298
9.71281772832003    30.2703789741524
16.37516947314076    66.26416123129897
8.106294776852673    23.079882236393168
13.77961453588686    51.151173717239786
8.585992580476907    25.158559043974176
4.234591393499988    8.713994184506138
10.723548251936137    35.11622034399372
8.297261141069669    23.90023319526181
8.67417740261725    25.547149532662175
8.63807672349995    25.387830242195115
8.639052807298382    25.39213351778469
14.517032921570783    55.31167273243975
17.27351460633946    71.79117597325981
9.324839644355961    28.474890208192097
13.438140499405804    49.2616286631913
14.18240560653837    53.4102797355607
6.282984196162825    15.748853785931827
18.663896944679568    80.63126839603865
7.902737916006821    22.216025695295798
18.42072925094486    79.06062239856767
15.538170992574681    61.2491187704903
8.972456825397398    26.876150591020295
16.249269072150433    65.50142455808681
11.614248200722951    39.58099015122001
7.561236410536781    20.79166291119642
16.437320581885736    66.64177226127755
8.693865711001951    25.63417774956654
11.12823671649379    37.12269805019498
16.101362736986722    64.60913863271303
13.163841752282263    47.76106245956614
13.660136236924728    50.48734653745181
16.305755617161267    65.84327034616372
9.693612239834003    30.180641379178265
5.990649414984533    14.662595602508382
9.33703068756926    28.530749407727868
7.475904706438734    20.440693930089065
14.742080041823804    56.602830250924505
19.09028131822208    83.4100713003404
17.180487468705426    71.21200655031664
15.940281471465305    63.64202337793971
6.552146273038342    16.771633998047342
10.043324756596519    31.828506395007675
13.772300343557044    51.11045270828565
14.523758955817131    55.35011770557039
15.01356285466574    58.173561066780806
9.783115693118145    30.59960244896165
20.734444068251562    94.41447734503903
13.046654083779655    47.12471336317631
7.1874697674948305    19.26921606134408
11.955577133887717    41.338605156113076
7.582458597813258    20.879258511968416
19.550615284908286    86.44515248117828
14.47817421048514    55.08973674603813
15.58814400390888    61.54483529210691
12.573526800429915    44.58468142019979
9.137388390998588    27.62060123687277
7.226972084232618    19.428289477402526
21.170947047851957    97.4115443987268
7.272849855383479    19.613582781370802
8.656667797063246    25.46983476110956
14.49606868343973    55.19190152841467
6.980823320958926    18.444206238660254
13.1067881646768    47.4508963249917
14.540813121401412    55.44763658380776
15.96091717309089    63.76564629696231
7.176986365990173    19.227073292649326
15.202250066939644    59.273668667228065
13.183873946067788    47.87012516026829
15.821484343012948    62.93189924700735
17.10495333320055    70.74289696695142
20.789342786935197    94.78969815313688
8.500195376264568    24.782399980202392
15.344081650012566    60.105103764324056
10.277167613165984    32.946566331898104
12.788943636599539    45.73535032168915
12.814418591190282    45.87207224594343
11.268349294859654    37.826002862860854
12.799522498077891    45.79210965887734
22.05655778450177    103.58732163585387
21.168276102561585    97.3931106910507
10.725299712157447    35.12482391058942
7.761864522669206    21.624650012866613
15.960375883663598    63.762402556910956
12.387549197373215    43.59915662797439
15.121133009778081    58.7998882080776
10.442196970448247    33.743320855199464
22.307727672417716    105.36175624093073
15.210354178015006    59.321071953449476
19.328874725038734    84.9786557741038
10.599056308015317    34.50649110855228
16.501527103532013    67.03262173934098
15.299926360001855    59.84584601363248
9.467876485730187    29.13257515372377
22.482932474374813    106.60545648916879
14.988355764246862    58.02711642635702
11.351885016606591    38.247405057749326
13.948319965682794    52.09341778461921
16.01821341111514    64.10931156032537
19.43803506876765    85.6995500948283
15.221358573804174    59.385460060710706
18.60240798630523    80.23313233565699
22.858568802115208    109.28827042284499
16.71415715228698    68.33240745599363
15.350448290234294    60.142516292982606
11.611775501075499    39.56835050086606
17.944480606195334    76.01448169826253
11.790758748235572    40.48672333876555
21.34679057872396    98.62769517441744
15.256067586916416    59.58869934043142
17.05372250249824    70.4253133197566
21.020279683021393    96.37352301699298
15.995032960793578    63.97020007783226
23.512200229225154    114.00920237068165
11.406305443375757    38.52276893291432
16.205209960262426    65.23519928105047
22.93650020286828    109.8476389795375
21.799022856235112    101.77838144240239
19.381532571600303    85.32615448100476
16.452333217877964    66.7330916220874
18.415587589580863    79.02752317313022
20.738913791854774    94.44500838016036
22.561490646470038    107.16468343653077
17.21456668138742    71.42399577920088
15.686930736667211    62.13080326663123
23.232030415100155    111.9774959118012
13.13489408029961    47.60360714697343
20.625137553224494    93.66886987335839
12.907512663923967    46.372855550067136
18.687899543062606    80.78686146948826
16.888054202254075    69.4015901504304
16.62673787575138    67.79701533960487
24.050649575196218    117.94790080029449
18.543093143661594    79.84969649181849
11.742217703314914    40.236962850175615
16.780511959142466    68.73972810350784
21.474217065811413    99.5121267779705
11.119890560204881    37.080942952721
16.54213945526417    67.28023761650307
10.418710170247717    33.62954065684726
19.3181327869788    84.90782583972644
16.98141033641447    69.97785635186615
22.786137406773356    108.76923347379612
25.273282814745478    127.05521220960061
22.89437427201205    109.54515329330225
15.522921966609374    61.15897686641768
11.175246314097095    37.35817535672978
21.180386465486563    97.47670048750375
12.965134892877366    46.68373116793194
14.383156130669974    54.54830902527275
14.993158561655985    58.05500956020171
24.213567407702175    119.14838738417728
21.521767145025336    99.8428322882129
12.492601517418608    44.15494325149696
19.09152025560102    83.41819125913248
24.71207326811772    122.84677913276958
23.678469262542848    115.22068021960214
23.849622064754726    116.47219282303665
12.276596520685677    43.01470749636608
25.488038324260373    128.67809333794327
17.47186635153415    73.03128604966776
25.58897435453604    129.44322320541534
20.653453651999342    93.86183201238951
25.37233122353807    127.80285580187191
11.998253221394755    41.560143184085426
14.765362983743534    56.73697691998821
17.28568043818476    71.86703370937171
23.591514549014697    114.58657393800765
19.25156162580642    84.46930984520931
15.809890066875873    62.86273543370748
13.18409837965134    47.87134752967601
21.31447605785055    98.40382777990207
20.821083848650737    95.00686762967398
17.284352043634076    71.85874945853384
19.53975775746772    86.3731508885335
13.633553421224937    50.340044637380956
15.53029407202403    61.20255023032385
22.97935927504234    110.15567419532132
17.209080484974706    71.38985479367628
24.74391043778941    123.08425535305004
20.096002762721028    90.08749742280904
20.620707838746053    93.63869523317823
17.48919846176113    73.13998366712475
25.77404113910072    130.85001479157216
21.825407955623042    101.96322310908289
17.60415725696479    73.86230546330897
24.175414981175948    118.86689175287046
24.76883753118952    123.27029538816944
14.262727599522965    53.86465489302952
19.682734829643334    87.32290244747529
25.54778385762657    129.1308024508253
13.564863175959626    49.96008013634435
16.26704004556727    65.60890714109883
24.850281345977113    123.8787929522827
22.867604562404466    109.3530776426362
24.46349878502722    120.99790624386783
27.22684316956505    142.06789140549813
17.853327211146752    75.43601653622783
21.269456689759387    98.09222701188405
14.091335299151028    52.89665667677829
20.71905227087996    94.30936682632496
19.285301395356417    84.69146507369659
18.43205161144912    79.13352589720373
21.690716007094565    101.02080672849232
19.655657053425713    87.14276767780554
28.053931894378728    148.59035062541295
19.2666464776503    84.56861009595725
19.149345582203615    83.79746971366382
21.643928269168956    100.69412420123628
26.67057159847934    137.73632311087107
22.75468017535605    108.54407040380642
23.4424231908254    113.50206229095156
21.132366205901736    97.14538908644481
20.05165250081917    89.78943822990173
25.76206109764832    130.75879472905925
21.734433587496056    101.32637131625113
27.171202320792666    141.6326184978587
27.36170327698352    143.1247342643551
17.673043866394362    74.2962738186817
17.48333097965859    73.10317996080808
24.540939237337916    121.57289824548103
19.73564443381044    87.6752409652021
29.23924922420051    158.10635466030658
27.5370501731084    144.50275388418567
27.603035256311465    145.02245747948723
27.329361978547755    142.87105095291705
20.273745402458836    91.28532844442975
17.877194857266716    75.5873397388256
17.78509874086993    75.00399928804238
26.18437104465479    133.98717168083883
22.704247952322    108.1834137518497
20.905486584637952    95.58514880830589
29.050346794749657    156.57664454940252
21.690859568892687    101.02180965200027
27.06474352980709    140.80104367785046
26.301017891418162    134.88350261501463
19.75919114776201    87.83219652992935
17.439552041915455    72.82877213235568
26.65586926310926    137.62244667021284
23.434372109151965    113.44359547409852
24.123272275108185    118.48253238563656
16.49663307318146    67.00280310273968
29.696595021177693    161.83035419743476
27.355139616965687    143.07323715473842
15.580539578872614    61.49980529975241
27.447195809631985    143.79605481089354
19.246499174302414    84.43599356057071
29.297245281647818    158.57699383117148
21.340776893299637    98.58602093609194
28.789987914854965    154.47642987907258
22.776974037240986    108.70362829126333
25.683775344024912    130.1632230025692
16.970386297563092    69.90972478530297
24.773375052069817    123.30417064502387
21.598241938381367    100.37547248501889
20.020067128148003    89.57736724885564
21.568086935326374    100.16533274685167
28.518251277271943    152.2945412245692
30.818596549052266    171.08789627601752
27.379961178043935    143.26801444079763
30.34521975357218    167.16118083404254
23.389991161139047    113.12148209775401
27.90068500663531    147.37448451926878
21.51587726646868    99.80184899553461
31.17220240077731    174.0408642212774
31.398591211231352    175.94026588257617
26.488194693816475    136.3259522214692
17.13406667721446    70.9235848389899
18.959335004346617    82.55334033247063
19.19765366691241    84.11476362924003
18.732061525268318    81.07339566579955
27.638983331166855    145.3058488756078
23.171155229809276    111.53766026469981
29.76172417382039    162.36302388277252
17.367598149988    72.37851074305831
26.285783138129126    134.76632354103137
17.91738828383295    75.84239831156978
29.596207278066075    161.01045985761746
19.227712127940777    84.31239323152523
19.76015635312194    87.83863230517319
30.74496406107531    170.47511205274705
22.463903497231534    106.47014294636901
20.031112985649    89.65151250240726
21.837318701522506    102.04670084200905
21.458515252784494    99.40300276595534
17.722152226384814    74.60616114755581
29.540896989375995    160.55931896127112
20.249945982347416    91.12463538108821
20.345789460974895    91.77234289488574
21.690656950433375    101.02039415929728
29.141056818007762    157.31058514829385
23.92321528517106    117.01170909065567
23.206775077177983    111.79495090426985
27.792910340470563    146.52139323043704
27.734415431178192    146.05906789648046
25.708538509606505    130.351514844732
18.185515709295682    77.55118388775219
32.00932215794659    181.09844287755323
26.237973775619828    134.39881529302255
20.294418219783044    91.42498733833187
21.894765942826155    102.44964558868887
26.780104256569885    138.58569212377407
31.325335174169695    175.32489594550015
27.430967117095364    143.6685403103
32.85771045569408    188.34580314687443
33.069292633304144    190.167964471267
18.574234724931117    80.0509322994038
20.801663152223362    94.87397330744321
23.17580958926354    111.57126858679881
28.570841774146515    152.7160048432889
31.039082915069727    172.92720479713265
25.639727268018863    129.82851866925702
24.90189602475173    124.26494248767646
27.617560010425745    145.136939053257
27.462694321095775    143.91786722101497
25.09114208882889    125.68418830420676
19.64078396445295    87.04387729816085
28.08053229914006    148.8017381207858
28.55949375753132    152.62502826242937
30.64771012259927    169.6668695416813
34.17010081945969    199.74199824045039
29.926045605929364    163.7095445117671
34.180084025830894    199.82954017837636
31.019240973014348    172.76141398565426
32.89111882289903    188.63312953872838
33.72887911336319    195.88575880490643
30.627357920197    169.49789177209666
32.23758278389376    183.03902998601944
32.126468710871904    182.09351816779485
30.777287647613868    170.74402512242978
21.056595307177425    96.6233800044595
21.53055195116861    99.90396965337203
20.84129774367829    95.14525559025564
32.29828797169889    183.55628253479654
20.70474434807722    94.211693090765
30.451119573565574    168.03699132551262
27.873171382482788    147.15654329097504
25.124951679866236    125.9383075945626
34.47486440262652    202.42020018001526
25.55615547056795    129.19427889505818
26.860544301241795    139.21057055389744
20.476675275694927    92.65933196269393
35.15421051219483    208.43278123221285
31.934507105073347    180.46389478374013
29.015339025673228    156.29370056160056
32.51517566083908    185.40829359307332
24.95983029509555    124.6988482660346
23.128803234835754    111.23199899050272
32.18490908405717    182.59060600145241
26.01226686100443    132.66834186452095
28.202741433708134    149.77419313438008
25.902070412119954    131.82619577512182
22.215117241999025    104.70632439475723
26.37722680533923    135.47017769794937
23.65082221477355    115.01894114724509
32.49476393842298    185.23373316657927
30.829159556183342    171.17586382072943
26.589890479250602    137.11179700235408
23.64351182041609    114.96561728184544
25.009901805896703    125.07427089717193
33.47520350146974    193.68002779686353
29.570871744478012    160.8037570488933
28.275312604591832    150.35266231237333
32.69124165143963    186.9162777311069
27.957565804895317    147.82539007971866
34.927791249008315    206.4223339285074
30.217863386720197    166.10994336849944
21.786564796456418    101.69114496447432
23.15833690338591    111.4451188026817
23.32811759676948    112.67291853612271
24.015009314106283    117.6858203790145
29.357543197710015    159.06680680188262
36.10234151019617    216.9217278934829
29.204752140912646    157.82663138598525
29.23756583615211    158.09270089743558
31.1917233545024    174.2043741067406
22.42610851858819    106.20155580713565
35.6529284178404    212.88389656936747
25.827781913791714    131.25947592741792
24.23465316149101    119.30405716152322
35.138681217244795    208.29468440399552
26.44442708658856    135.9882058002236
33.479672801266474    193.71881664248093
32.738994408895124    187.32597583110822
31.25067966981623    174.69850997782711
32.14625777164011    182.2617913095363
32.337190658285856    183.88801756461976
25.439162615168307    128.30814232621634
35.280291611376896    209.55510694837864
34.74782098837455    204.82896155524574
24.619934880483832    122.16037292355914
34.48699799391167    202.5270736999399
23.57451127236292    114.46271609224162
27.157261507853704    141.52363065110026
25.86915834941527    131.5750212486883
23.709650121181333    115.448346682721
24.483473526916686    121.14613086565504
26.7063214136428    138.01335304522428
32.20043740264164    182.7227642308056
32.778209732137746    187.66264994983678
24.813773312795888    123.60590411265645
29.73005341208067    162.10392637356554
25.29926121862676    127.25116259476009
30.077111770492753    164.95071202973858
36.10649148945252    216.95913183335395
29.82838809351586    162.9088498412271
33.610372737786335    194.85429957974674
35.6684795652651    213.02319577920716
33.31007921469937    192.24873828216857
35.85648154642871    214.70962212115805
32.448761497381305    184.84052270879604
31.374085069014583    175.7343278637172
34.153444461931976    199.59596844013817
34.74081576639872    204.76702385751392
38.638637193262014    240.17771034199635
33.382860657631674    192.87916822483723
28.06582612123368    148.684859017128
35.779875801133834    214.0219137199753
25.048825093181602    125.36636693243709
36.5151493661589    220.65289112831317
24.74781131534605    123.11336285002652
37.916442187175214    233.47552957209808
31.089577463000907    173.3493547376128
36.389192811345765    219.51218525346033
37.39856139267456    228.70852068311214
39.011674262365545    243.66428873864152
36.22390440142428    218.01826969619543
36.313416544383514    218.82687939080995
26.004722344582348    132.6106279841865
27.612948749514    145.10059063817042
31.64498815818954    178.01533104133838
37.60726008881274    230.6256143957672
33.792972864563836    196.44437575310232
38.04440605480113    234.65845800503513
38.47430076718263    238.64706828607143
25.47832024711157    128.6045067941131
34.10112643597378    199.13751686422532
34.42633635610738    201.99294980086228
38.56382747730865    239.4805224556149
38.91085395715667    242.72032403374146
32.648137108792504    186.54671616806587
38.17858899408856    235.9010155501634
28.05949670302151    148.63456463474694
26.19545461400058    134.07225372733814
25.992378490006146    132.51621828330332
25.60418427942187    129.55865070611196
30.41051851409256    167.70103297655785
39.99308839679264    252.91664642072413
27.484525252473905    144.08950835830788
26.311059153091875    134.96075417695678
27.938498277356036    147.67418678466484
25.857652580359847    131.48725050767737
38.022548811441034    234.45626335374746
33.55006049295575    194.33004952511845
39.65495358568981    249.71588450571954
39.633922046121    249.51725056666706
27.60341749244793    145.0254698121113
37.8082908761283    232.47730814398136
36.433123931926396    219.90981675350102
39.148356557244995    244.9459723431936
30.546414827131795    168.82640315001518
30.751473498431704    170.52925534898304
30.378190492576252    167.4336911920203
40.9880315244088    262.413148670072
40.091204755240966    253.84795012115273
39.69011572230505    250.04809357657987
40.888323843636854    261.45621001047965
28.250741253192682    150.1567193657849
34.43178659961189    202.04091980512212
26.55951270468151    136.8768978734106
36.42432946657655    219.8301966575394
32.48785188275177    185.17463390111044
28.059428025179212    148.6340189427633
30.80871347458851    171.00560478446076
27.373914360229776    143.2205563156685
32.64909431058376    186.5549201963268
32.956552711637194    189.19631208330793
27.56998326973027    144.76205974889675
38.39033474623999    237.8662623639541
27.079343174668402    140.9149883617094
30.71257996778537    170.20583732306227
27.89129860450196    147.30012076307958
31.083340070959775    173.29718965174212
37.006658114118004    225.1229659445288
37.81628767793913    232.55106868228128
35.70089052545819    213.31361415134396
34.481164908623484    202.47569313009996
30.843921029376617    171.29882096938078
35.416768805764626    210.77223692244573
37.08701403109118    225.85660874663702
27.99126848991371    148.0927746100731
36.562225758552444    221.07973681539863
33.25610748606703    191.78168178618108
37.63193571601507    230.852635656989
30.253138141736397    166.40089034076368
29.332222195718685    158.86105751815603
29.796418969740866    162.6470191920708
30.357797057673466    167.26511754262472
38.84615363091301    242.11518873261463
35.64470056891325    212.81020800190882
41.75964950834817    269.85798140269736
38.29589828227474    236.98911077700748
31.33888990132483    175.43870501619168
42.826166490613225    280.2617319649514
41.70333810261606    269.31232458577114
29.400642276881033    159.41721836652138
38.713390069177166    240.87504299230858
43.15515321120774    283.4973438190246
38.08174856061254    235.00403646146486
42.28978264744425    275.0129721055095
31.276414074554975    174.91434628744602
29.43827447278967    159.72339225442727
36.33478006104121    219.02001458575677
29.6169239651606    161.1795450512927
36.72110006220365    222.5222919521737
31.26166207245249    174.79060931538356
40.287955882752435    255.71891276352048
31.158969175293397    173.93005022476987
41.14813307052068    263.9521497623945
33.93976435523313    197.7257511184352
43.80247100479139    289.89980032007907
30.604209900974084    169.3057694696159
33.38526608441478    192.90001567764372
32.44848375146057    184.83814949381306
29.274317702626572    158.3908803364674
34.07519793112858    198.91044123605002
36.037105484987144    216.33403540117126
35.16753883967922    208.55132991929577
42.576548478697134    277.81499172176024
43.0047572897661    282.01665129198165
40.9024822596421    261.59202358309955
34.41836122833947    201.9227640163319
39.37996343060393    247.12288347785835
37.173729581299725    226.64920655559771
41.93455251722541    271.5551350017508
41.865231682212695    270.88206306338276
38.99420225034946    243.50061355359276
41.637983478395725    268.67950084524114
41.43974042098211    266.76296723457176
40.77316038313087    260.35238668748696
30.534587435024036    168.72835975693442
34.77064500043038    205.0308067140602
34.068450428227365    198.851362386203
36.29622878906913    218.67153607164138
44.34297532368264    295.28218445825246
31.549979822903463    177.21424497494982
35.64434743492492    212.80704552627373
45.28062098715006    304.69726876689407
35.17013055605419    208.57438452616347
33.20170746790833    191.3113023547362
42.60811639797989    278.12402334690677
34.96755031423883    206.77489676887734
36.94984153475921    224.60471570921064
35.107487840747694    208.01738434177457
44.34267858844353    295.27922050007027
43.109357468145625    283.0461974692808
32.90400968962408    188.74403559149272
43.43213793265626    286.23109489211333
33.839911699377446    196.8538131547961
41.75096718164224    269.77382576209766
41.297787543554065    265.3934368291148
36.73671687913804    222.6642590775453
42.165745837905725    273.8039315998674
42.640667688531636    278.44280151226667
40.16510512559608    254.5501527555573
35.14030963699226    208.3091639644976
32.98769882628593    189.46457991979221
33.36391195858728    192.71496911684983
45.78735013693709    309.8262890852315
38.77167594822845    241.41923054699322
38.8205992752165    241.87632029492866
33.11971403632711    190.60305948739472
43.05768749209798    282.5374700864873
46.55889946461815    317.69037639254947
32.84141398047192    188.20569940592125
34.43776477407561    202.0935407295242
41.03822124654177    262.8952823623499
35.450657143038526    211.07482363092066
34.91205323185541    206.2828327404038
40.42796981971078    257.05313166886197
39.24602288406116    245.8631712974137
44.07542765658066    292.6137988036367
45.24050251230008    304.2924173720504
37.74247321327395    231.87051853555022
38.68166120990617    240.57897782632307
46.54954837643337    317.59467176068415
43.372672726517145    285.64345525953905
39.97303150696706    252.72641035274032
35.24180471579795    209.2122983202096
39.89525110658602    251.9891284201641
44.13682683504152    293.2254492169191
43.38111626540907    285.72687042105986
33.850559631905774    196.9467323244853
38.44308773104747    238.356716475392
46.15613390935983    313.5769538708051
44.28969965240408    294.7501961182711
36.76687727385729    222.93852229527454
37.04116619041556    225.437924317383
34.40812879511262    201.83272453363185
43.97776287348025    291.6417528935634
36.045628162041275    216.41078355147087
43.1699832411971    283.6434898168167
45.422888627221255    306.13439325622636
38.72840800560928    241.0152191773475
36.28584214559017    218.5776791808201
36.517047264044585    220.67009421132022
45.86806920583544    310.6459447886693
40.44010124281877    257.1688431766514
42.88892457745652    280.8780070251411
48.01279140102934    332.686696047917
41.95455052206465    271.74940945919053
41.78366998427332    270.0908515036281
34.89853646459485    206.16304572347843
46.331419273244855    315.3649373259772
46.63002557015356    318.4186380270649
40.98746578021537    262.4077156864424
37.277187130504274    227.59603966745198
45.46809211580514    306.5914905019145
47.095443388579405    323.1977546899905
36.52005381926934    220.69734739292875
43.11925900485659    283.14371991224994
43.51999036286735    287.09999555921615
45.31800050607776    305.07464171159785
36.2816892987502    218.54015654395667
44.48457063468603    296.6976487538404
38.43498639530705    238.28137499672522
43.43904393802992    286.29936664256707
35.82920397821856    214.46466045325298
36.31994498185468    218.88589319100728
35.784623199544946    214.06451089112866
36.682973176532826    222.17582033082445
39.617739505805844    249.36444923251548
42.50037151729957    277.0697352237615
40.90451887700152    261.6115616205974
36.56161066571884    221.07415794320096
39.28934742044141    246.27040416983795
36.7845436134494    223.0992232171326
41.94148642754506    271.6224905596659
39.480188918026265    248.06690786768362
35.88698473664566    214.98366132608697
37.73073423791725    231.76234952548026
47.7677755851541    330.1433294478321
49.57284664702328    349.03243532990354
37.23139104708746    227.17675620788287
40.848105038912955    261.07054232993715
47.028571132507835    322.5096215899732
38.39671830903186    237.92559359999214
35.516735519634366    211.6652490344391
49.9401321244145    352.91858599811883
38.69805970641595    240.73197868622526
48.006406572665284    332.620336330908
42.448761235749124    276.5651994586275
46.88603556131433    321.04452569328333
41.55117370430076    267.8396962827476
48.9598150536397    342.5781445837902
37.51325619635829    229.76144008509016
41.9892138095935    272.0862623106756
41.76368746969981    269.8971233418675
50.771293996194004    361.76566721324025
45.88859524064655    310.85448995598193
50.850545457108474    362.6130449563858
48.38866849951025    336.60108211841026
48.022486478593656    332.787468760194
38.1263225883166    235.416759410938
38.29350154569522    236.96686329323902
40.1397447424666    254.30910507495307
44.64263212280883    298.28038084815665
37.10538045535539    226.02440434581385
49.02554870821873    343.26829640128483
38.77730206270753    241.47178056454
39.73070488791455    250.43175979822104
48.57624257184414    338.5601807557028
48.74355433416854    340.31084667964365
44.1133281329837    292.99130799897193
40.87262870222993    261.30568299022116
40.466076435707755    257.4166572022243
50.11066859540235    354.7278575917554
37.82797974816076    232.65892750769243
41.34955500016979    265.8926057403596
37.671962627856274    231.22105045876702
39.205966565176965    245.48685825294444
44.541911205714214    297.2714980758822
44.5318354856054    297.17063615939185
42.38723519229852    275.96412908537224
48.73462335766268    340.2173214229622
46.900619435490675    321.19432841114394
39.118859346733515    244.66918441238062
40.903598658265736    261.6027335553931
42.736502098137336    279.38202422672055
37.720174056299264    231.66505690867703
42.836913484837616    280.3672338256058
41.77210434421375    269.9787183162094
48.040018189629606    332.96972294849775
40.24514040066453    255.31137834522073
49.64458137573077    349.7903140174401
37.88604375927067    233.1948123182617
38.200457082767585    236.10372509623005
41.61266123268107    268.4344409288897
45.1989710379156    303.8734959016275
38.97813435794622    243.35012431328624
37.9736054513571    234.0037141105269
52.0761965455395    375.80182615618185
49.302195658451836    346.177941658269
40.82154818068453    260.81598634623253
42.762379363852475    279.6358144345755
43.18161491809747    283.758134463653
49.631704134186876    349.654225381
41.14698972825133    263.94114857481884
46.93306516849285    321.5276882167712
46.094668678788025    312.9507859061688
50.708200626437566    361.0915287210054
48.59730409355404    338.78039227510584
52.32696991407922    378.5196068287594
47.07366643226261    322.9736104036525
50.845405686697895    362.55806912417904
43.08866594217092    282.8424381719308
40.50759261364691    257.8129037853735
48.408387759175326    336.80685964431507
51.67754502706815    371.4948615745596
50.78738331055408    361.9376449843238
41.675297274040624    269.0407466437035
51.76670099097869    372.45665059900347
41.021667309743854    262.7362289413182
48.52502226944793    338.0248393464242
52.11262994493518    376.19627122126457
53.25280831976683    388.60982216559137
39.86629823414207    251.7148670088255
49.89995846244764    352.49282079709945
49.520410141436614    348.4787894791988
48.56957801695806    338.49050856429864
49.945891763292295    352.97964136968494
50.350636476788814    357.27896464258174
48.57841756140808    338.58291943607924
45.4416639797507    306.32422183965576
41.222716652589924    264.67011969499475
43.70182194260474    288.90117942283956
52.40406013456035    379.3563905573121
48.93380058904368    342.30514100724145
47.08243715784862    323.0638788615657
50.883481594128334    362.9654012540582
45.150849336167106    303.38834049015554
50.21868798810804    355.8754614115188
43.39488976584582    285.862958604369
46.08995645914329    312.9027980847899
46.043794692114275    312.43283033333176
41.04993141175871    263.00781526587525
45.33451184709699    305.24138506454074
43.18316895303214    283.7734525807108
49.802307569397044    351.4586197388978
48.078499289971596    333.36987704943425
43.31203028833843    285.04459686827204
49.09195488593065    343.9659791446755
48.560101238768254    338.3914452271116
54.022538216244676    397.0657963341721
43.36825132667614    285.5997787348399
46.31742358624743    315.22205106170526
43.526078985631685    287.16024734324213
52.78753067093766    383.5279509289432
50.479400720536205    358.6503720058633
55.67968188168922    415.47521189379194
54.349134173540705    400.6719546517488
50.85616300369141    362.6731343391998
41.83613432598819    270.59970768621343
51.4411295862438    368.9484965221084
54.280936243254466    399.9180394867441
47.10916653495537    323.33902992367786
46.10565127780178    313.0626388973152
50.44412662938002    358.2745101079392
45.904434116839525    311.01544532797226
55.146407911599276    409.5206853831599
46.017232657429425    312.1625119958801
52.06860617544487    375.7196666133742
48.123268487760086    333.8356208641731
47.353243028161884    325.85515140216535
42.769582553213084    279.706473080399
49.33857507345064    346.5611722752302
49.963689824155594    353.1683329485035
52.73857460726288    382.99453902538335
55.73347566956506    416.0774616383323
42.84558750683613    280.4523952364413
54.759089746664095    405.21389622995946
47.606358798503194    328.47131428507964
54.821834196643174    405.9105533031081
50.23833295478576    356.0843033446218
45.668619066316495    308.62195592915674
48.88989444214163    341.8445413448777
51.915088373101426    374.05924801821294
53.81748605108549    394.80724199594187
48.4918918751205    337.678719428156
53.22789164772924    388.3371117376888
53.78079087268409    394.4035148785893
44.636952124802534    298.2234561778433
51.406472415706176    368.5757046391423
54.03341655678649    397.1857361185302
57.28604301700974    433.5839895739966
56.812127815886996    428.2147110960403
43.3168377441576    285.0920563381332
54.9988144156187    407.877728067694
47.6246446526729    328.66058381031985
44.152446972334516    293.3811228567305
53.10711315543376    387.0161082345754
46.40388562098178    316.10511362734087
45.382847157629016    305.7296842146234
45.91528070894399    311.1256849052453
45.684972592175356    308.78774293037407
56.82484760408583    428.3585299996988
50.2147311429942    355.8334018795314
45.16143593392552    303.4950507282991
47.20055125619556    324.2803299227972
45.40201599019826    305.9234060816949
51.99741203986726    374.9493399276784
53.44186983997757    390.6811590031407
50.09273345355068    354.53743331713497
50.087037888410855    354.4769684500644
53.087972859409305    386.8069007963776
56.490834341963996    424.58728433999045
58.21371035902118    444.15844205902533
43.92751446460087    291.1420566969446
45.943120673524    311.4086965983525
52.836277316861334    384.05932689388453
44.30005680582098    294.8535932339908
44.24952987310305    294.34928918004664
49.251586419658885    345.6450453528186
58.55813584070542    448.1061085164227
48.10268732668914    333.6214836005291
55.781607463554835    416.6165688150462
55.21902460976884    410.3298358446537
54.72553094422485    404.84145369578505
56.13887815350266    420.62549683357406
55.95701221930938    418.58318329252535
53.038270864527426    386.2638237166649
49.05362404824655    343.563206525211
46.34404830388964    315.49388950075183
54.609742789649324    403.5572896052222
58.00736688108981    441.79899955466306
52.88321900370062    384.5712591470188
55.37877634109333    412.11178391217163
52.807186155488054    383.7421813345858
47.83435458390284    330.8338033953732
45.688553207965995    308.82404606911246
47.6460735066928    328.88243150805323
59.38802549777614    457.6656623411355
54.952842250140854    407.36643240571834
58.97446530556035    452.8934273943124
52.057394600038215    375.59832144251334
50.287324734792435    356.60530360142553
59.39671233122079    457.76608184644385
56.81825326253787    428.2839677099946
46.849291659369044    320.6672027775127
52.458643883473    379.9492478179866
56.836089478797895    428.4856519707484
56.7351578193239    427.3447775095042
52.61052666763885    381.60053429727964
53.817436519503225    394.8066969475481
55.47055356498459    413.1366749648422
57.71097709772035    438.41725751195656
59.322328665796945    456.9064469851335
55.14000287435047    409.44934114209525
50.80834066107983    362.1616977723644
54.8574713882642    406.30641371994807
48.30625127583187    335.7414828098218
52.80040720980051    383.66829127981987
50.95762230929508    363.75898830301253
51.16147615930273    365.94397397362746
49.56552197788482    348.9550809058018
52.86254478568595    384.34576418599994
55.33644670166359    411.6393680217573
50.66725477779234    360.65425583978896
46.92834569137608    321.4791913495862
55.34117421832581    411.69212005906786
47.70579720189283    329.5009996281034
56.20161637725508    421.33080130965254
51.40507739800334    368.56070167977634
54.99310245481911    407.81418884979547
59.631864656941396    460.48722312076626
47.74102493483826    329.86604066619316
46.702489410711266    319.1611681596253
51.11197197099491    365.4129677023749
48.542648100581886    338.20902812543676
47.2585544404879    324.8782594569801
54.53308620283466    402.7078679403446
60.577747194281116    471.4869511165858
59.096569822459884    454.30070461188
47.044086940380346    322.6692397725766
58.56484924626957    448.18317050498325
53.88663765023835    395.56843475318226
47.96803087389137    332.2215774739314
55.22070243699737    410.34853776321773
58.12066951887203    443.0940443953698
52.273485251403095    377.93941406923204
48.65296705416348    339.36261341158723
61.91586251303979    487.195076556059
60.58603835519226    471.5837517104721
61.70070229055858    484.65774905597823
51.89653034550816    373.8586941429151
54.827134502399964    405.9694213273616
58.903208619558555    452.07285358045783
59.27273076484213    456.33355485864877
58.66299045794926    449.3102201460854
48.19945582384304    334.6287125866147
57.13038688543046    431.8180060111966
60.87002972427889    474.9033911255135
51.6436884519486    371.1298437488437
55.275605491939416    410.9606719721301
59.87608250218613    463.3189539821536
61.41504243926231    481.29586936334584
59.25530852306739    456.1323720590888
57.37632564218437    434.6093838369045
59.92800227431679    463.92171457096003
61.74113714850209    485.13424956979424
50.95086556264381    363.68664154490006
55.584158419148515    414.4064933942148
52.000021202936416    374.9775619931016
56.117100189226676    420.38076059484547
59.022304575513274    453.4446104538406
62.29347417697019    491.65881373581806
58.12798549824815    443.1777091808998
52.419870827999155    379.5280854591611
56.382119229258066    423.36221376233067
61.403083363535764    481.15529532867936
60.28669285690317    468.09304750401617
50.623765670324616    360.19001619444657
63.07160549128668    500.8997664407151
51.391171194235234    368.4111561337814
59.70027226103625    461.2798327499112
50.11022764653231    354.7231754599381
62.484059551053846    493.91686598376094
49.510749567273926    348.37682119011686
54.87320153657103    406.4811862202721
62.28356235212544    491.54147298095194
50.56555513985335    359.5689396146773
56.04778417366263    419.60211774239576
59.879040511314834    463.35328785716035
61.22906291532364    479.1113057730498
50.80802120249652    362.15828212801733
63.42165743104882    505.0755916227072
63.60762558875497    507.2987312224019
52.52755842795707    380.6981985617276
53.19585136444787    387.98652791556725
63.26970890949114    503.2615542757419
64.29041527238623    515.4889337695319
59.68373720585198    461.0882065047949
57.19635414206512    432.5661386301866
53.01646673766407    386.0256575878844
52.00325603307025    375.0125525821417
50.677724550330495    360.76604884390616
61.13279627538716    477.98183474027314
59.631857464172725    460.48713980512645
52.221867009175085    377.37974931772334